1797207340
1797207341
1797212888
1797212891
1797212917
1797213822
1797213824
1797213845
1797213880
1797213915
1797213958
1797213982
1797213985
1797213999
1797214007
1797214021
1797214023
1797214028
1797214029
1797214032
1797214037
1797214093
1797214098
1797214099
1797214113
1797214114
1797214326
1797217826
1797218000
1797218027
1797218029
1797218040
1797218046
1797218084
1797218092
1797218118
1797218120
1797218154
1797218159
1797218162
1797218231
1797218363
1797220269
1797220271
1797220274
1797220297
1797220323
1797220362
1797220518
1797220632
1797222674
1797222676
1797223072
1797225108
1797231900
1797231921
1797232161
1797232162
1797233442
1797235572
1797235573
1797237804
1797237822
1797237823
1797237897
1797238125
1797238300
1797238380
1797239858
1797239863
1797239864
1797240412
1797248212
1797248310
1797248324
1797248365
1797248413
1797248421
1797248471
1797248474
1797248511
1797252589
1797252594
1797252595
1797252637
1797252759
1797252796
1797252812
1797252833
1797252933
1797252941
1797253026
1797253047
1797253050
1797253066
1797253091
1797253150
1797253208
1797261723
1797261726
1797261727
1797261741
1797261878
1797261883
1797262084
1797262168
1797262177
1797262231
1797262233
1797262262
1797262297
1797262337
1797262339
1797262380
1797262444
1797262448
1797262459
1797262467
1797266508
1797266520
1797266578
1797266862
1797266897
1797266925
1797266980
1797267031
1797267053
1797267238
1797267256
1797267261
1797267452
1797267616
1797267662
1797267685
1797267717
1797267855
1797267874
1797277520
1797284725
1797284765
1797285208
1797290342
1797290599
1797290662
1797290679
1797290682
1797290689
1797291151
1797291165
1797291201
1797291273
1797291322
1797291337
1797291394
1797291398
1797291602
1797291609
1797291674
1797291715
1797291889
1797291948
1797292033
1797292035
1797292082
1797292085
1797292202
1797292242
1797292531
1797292605
1797292827
1797293034
1797293702
1797296526
1797296718
1797296729
1797296747
1797296893
1797296927
1797296952
1797296961
1797297005
1797297007
1797297028
1797297053
1797297077
1797297156
1797297343
1797297469
1797297542
1797297544
1797297601
1797297651
1797297683
1797297712
1797297856
1797297904
1797297968
1797297986
1797298013
1797298071
1797298156
1797305954
1797305983
1797306146
1797306253
1797306257
1797306291
1797306298
1797306785
1797307050
1797307278
1797307297
1797312490
1797315047
1797315090
1797315119
1797315331
1797315484
1797315705
1797315948
1797317801
1797318109
1797318111
1797323687
1797323824
1797323923
1797323943
1797323992
1797323999
1797324008
1797324124
1797324174
1797324178
1797324734
1797324774
1797325127
1797325138
1797325357
1797325672
1797326032
1797326096
1797326455
1797326610
1797326712
1797336810
1797336872
1797336876
1797336905
1797337242
1797337306
1797337324
1797337436
1797337640
1797337880
1797337923
1797338006
1797338041
1797338127
1797339016
1797347345
1797347376
1797347499
1797347526
1797347532
1797347608
1797347670
1797347671
1797348088
1797348136
1797348195
1797348215
1797348408
1797348766
1797348949
1797349287
1797349326
1797349337
1797349343
1797349370
1797349418
1797349688
1797350641
1797350939
1797358458
1797358519
1797358557
1797358624
1797359292
1797359782
1797359784
1797363367
1797365251
1797369199
1797369291
1797373175
1797373204
1797373205
1797373224
1797373245
1797373249
1797373276
1797373315
1797373445
1797373588
1797373631
1797373716
1797373792
1797373843
1797374333
1797374572
1797374620
1797374691
1797374838
1797375128
1797375149
1797375155
1797375215
1797375484
1797375522
1797375592
1797382981
1797383023
1797383065
1797383127
1797383162
1797383170
1797383346
1797383351
1797383402
1797383469
1797383525
1797383568
1797383769
1797383771
1797383796
1797383813
1797383826
1797384183
1797384211
1797384275
1797384620
1797385047
1797385338
1797385586
1797385877
1797391186
1797391190
1797391389
1797391416
1797391520
1797391592
1797391670
1797391738
1797391755
1797391785
1797391907
1797391910
1797392067
1797392110
1797392184
1797392363
1797392485
1797392717
1797392787
1797393071
1797401452
1797401474
1797401534
1797402386
1797402518
1797402534
1797402937
1797403137
1797403304
1797403405
1797403689
1797403736
1797404276
1797404281
1797404291
1797404344
1797404353
1797404379
1797404517
1797404519
1797404859
1797405057
1797405197
1797405513
1797405573
1797405864
1797406025
1797424454
1797424461
1797424519
1797424652
1797424653
1797424694
1797424729
1797424844
1797424867
1797424879
1797424881
1797424933
1797424956
1797425188
1797425220
1797425401
1797425425
1797425429
1797425445
1797425464
1797425525
1797425647
1797425714
1797425719
1797425737
1797425770
1797425771
1797425917
1797425938
1797426214
1797426865
1797436261
1797436376
1797436706
1797436781
1797436952
1797436960
1797436989
1797437064
1797437187
1797437356
1797437518
1797437529
1797437566
1797437684
1797437777
1797438070
1797438081
1797438211
1797438230
1797438270
1797438395
1797438616
1797455492
1797455538
1797457734
1797461727
1797462088
1797462279
1797462312
1797462371
1797462447
1797462530
1797462533
1797462560
1797462616
1797462775
1797462858
1797462912
1797462916
1797463043
1797463080
1797463234
1797463466
1797463467
1797463534
1797463682
1797463724
1797463739
1797463914
1797463988
1797464269
1797464441
1797464470
1797464482
1797464562
1797464929
1797465101
1797465488
1797465520
1797465666
1797465678
1797465689
1797465804
1797465806
1797476661
1797476743
1797476805
1797476863
1797476909
1797476943
1797481708
1797481709
1797482032
1797482183
1797482267
1797482332
1797482337
1797482698
1797482803
1797482946
1797482949
1797482959
1797482984
1797483072
1797483128
1797483288
1797483335
1797483489
1797483612
1797496207
1797496323
1797496701
1797496810
1797496813
1797496899
1797497149
1797497207
1797497332
1797497346
1797497379
1797497383
1797497433
1797497674
1797497715
1797497767
1797497938
1797498140
1797498486
1797498488
1797498628
1797498665
1797498874
1797498881
1797499041
1797499162
1797499304
1797510050
1797510051
1797510111
1797510112
1797510255
1797510325
1797510439
1797510861
1797511281
1797511561
1797511740
1797511746
1797511791
1797511811
1797511937
1797516641
1797516688
1797516690
1797516828
1797517050
1797517073
1797517350
1797518203
1797518357
1797522992
1797529420
1797529429
1797529491
1797529639
1797529643
1797529981
1797530134
1797530137
1797530149
1797530174
1797530182
1797530206
1797530242
1797530246
1797530251
1797530428
1797530448
1797530453
1797530485
1797530908
1797530951
1797531033
1797531079
1797531089
1797531142
1797531149
1797531311
1797531362
1797541266
1797541268
1797541613
1797541642
1797542003
1797542074
1797542750
1797542751
1797542902
1797542992
1797543087
1797543094
1797543097
1797543127
1797543213
1797543267
1797543316
1797543324
1797543583
1797543666
1797543673
1797543724
1797544024
1797544097
1797544153
1797544356
1797544476
1797556242
1797556989
1797557826
1797557834
1797557852
1797558193
1797558478
1797558512
1797558699
1797558700
1797559241
1797559267
1797559646
1797559771
1797561390
1797561420
1797562068
1797562306
1797563203
1797563219
1797563429
1797563441
1797564221
1797564303
1797564546
1797564563
1797571096
1797571873
1797571891
1797571939
1797572157
1797572162
1797572281
1797572303
1797572415
1797575020
1797577587
1797582404
1797586366
1797586417
1797586563
1797586572
1797586690
1797586761
1797586868
1797586962
1797587382
1797587526
1797587716
1797587723
1797587905
1797587913
1797587915
1797588062
1797588200
1797610802
1797610807
1797610821
1797610872
1797611038
1797611291
1797611293
1797611296
1797611395
1797611397
1797611546
1797611548
1797611578
1797611582
1797611686
1797611856
1797612062
1797612070
1797612131
1797612439
1797612502
1797612504
1797612636
1797625960
1797625981
1797625993
1797626103
1797626104
1797626285
1797626459
1797626578
1797626652
1797626654
1797626683
1797627086
1797627305
1797627317
1797627414
1797627469
1797627640
1797627749
1797627886
1797628146
1797628265
1797628534
1797628673
1797628679
1797628691
1797641739
1797641751
1797641779
1797641879
1797641901
1797641902
1797641976
1797642020
1797642147
1797642195
1797642409
1797642508
1797642519
1797642592
1797642691
1797642717
1797642719
1797642878
1797643102
1797643269
1797643438
1797643448
1797643526
1797643637
1797643643
1797643648
1797643887
1797644459
1797644823
1797653519
1797653655
1797653779
1797653803
1797653808
1797653845
1797654282
1797654337
1797654453
1797654454
1797655074
1797655087
1797655621
1797655638
1797655828
1797655921
1797656017
1797656021
1797656043
1797656311
1797656317
1797656688
1797656889
1797656918
1797657028
1797657073
1797657252
1797657558
1797657562
1797657832
1797658098
1797658186
1797658189
1797658328
1797658779
1797659144
1797659228
1797659308
1797659311
1797659509
1797659555
1797659653
1797659726
1797659728
1797660002
1797660034
1797670034
1797670286
1797670287
1797670550
1797670554
1797670949
1797674541
1797682486
1797683072
1797683126
1797683128
1797683132
1797683179
1797683194
1797683488
1797683576
1797683695
1797694182
1797694314
1797694566
1797694607
1797694618
1797694622
1797694648
1797694816
1797694829
1797694942
1797694943
1797695031
1797695328
1797695338
1797695458
1797695658
1797695964
1797696102
1797696221
1797696540
1797696707
1797696752
1797696856
1797696939
1797698280
1797698295
1797698298
1797698299
1797698443
1797698448
1797698916
1797698974
1797698981
1797699144
1797699149
1797699154
1797699230
1797699615
1797699618
1797699620
1797699622
1797699844
1797699848
1797699965
1797700057
1797700059
1797700288
1797700367
1797700375
1797700381
1797700503
1797700643
1797700730
1797711594
1797711727
1797711768
1797711829
1797711840
1797712026
1797712159
1797712289
1797712510
1797712526
1797712869
1797712889
1797713007
1797713127
1797713271
1797713536
1797713554
1797713669
1797713678
1797713703
1797713869
1797714032
1797714118
1797714193
1797714419
1797714495
1797714537
1797714778
1797714848
1797714946
1797714964
1797714994
1797715003
1797715066
1797724854
1797726975
1797727102
1797727109
1797727321
1797727444
1797727561
1797727843
1797728109
1797728112
1797728342
1797728343
1797728395
1797728673
1797740528
1797741303
1797741844
1797742149
1797742152
1797742513
1797742520
1797742738
1797742750
1797742962
1797743253
1797751717
1797751726
1797753852
1797753886
1797753889
1797753891
1797754009
1797754325
1797754409
1797754410
1797754411
1797754640
1797754641
1797754825
1797754999
1797755001
1797755107
1797755149
1797755433
1797755634
1797755643
1797755645
1797755860
1797755872
1797755962
1797755965
1797779566
1797779568
1797780290
1797780295
1797780306
1797780307
1797780334
1797780448
1797780682
1797780709
1797787575
1797787910
1797788287
1797788296
1797788465
1797788579
1797788594
1797788685
1797788887
1797789018
1797789025
1797789032
1797789139
1797789408
1797789424
1797789434
1797789511
1797789563
1797789567
1797789572
1797789573
1797789593
1797789867
1797789874
1797789924
1797790250
1797803804
1797803863
1797804764
1797804849
1797808264
1797824265
1797826241
1851324492
1937042658
1937117033
